7.164000000000000000e+03 1.825705915689468384e-02
7.165000000000000000e+03 1.910872757434844971e-02
7.166000000000000000e+03 1.920096762478351593e-02
7.167000000000000000e+03 1.668511331081390381e-02
7.168000000000000000e+03 1.803957857191562653e-02
7.169000000000000000e+03 1.837954670190811157e-02
7.170000000000000000e+03 2.032257057726383209e-02
7.171000000000000000e+03 1.980984024703502655e-02
7.172000000000000000e+03 1.930489763617515564e-02
7.173000000000000000e+03 1.941348984837532043e-02
7.174000000000000000e+03 1.941491477191448212e-02
7.175000000000000000e+03 1.972756907343864441e-02
7.176000000000000000e+03 1.916820742189884186e-02
7.177000000000000000e+03 1.861606352031230927e-02
7.178000000000000000e+03 1.860055141150951385e-02
7.179000000000000000e+03 1.845611445605754852e-02
7.180000000000000000e+03 1.762083545327186584e-02
7.181000000000000000e+03 1.977300830185413361e-02
7.182000000000000000e+03 1.862839050590991974e-02
7.183000000000000000e+03 1.898651011288166046e-02
7.184000000000000000e+03 1.922602020204067230e-02
7.185000000000000000e+03 2.099162712693214417e-02
7.186000000000000000e+03 1.904369145631790161e-02
7.187000000000000000e+03 1.784126274287700653e-02
7.188000000000000000e+03 1.780188269913196564e-02
7.189000000000000000e+03 1.713213324546813965e-02
7.190000000000000000e+03 1.904424093663692474e-02
7.191000000000000000e+03 1.858445443212985992e-02
7.192000000000000000e+03 1.728486455976963043e-02
7.193000000000000000e+03 1.858396641910076141e-02
7.194000000000000000e+03 1.902070268988609314e-02
7.195000000000000000e+03 1.813095435500144958e-02
7.196000000000000000e+03 1.951653696596622467e-02
7.197000000000000000e+03 1.742515712976455688e-02
7.198000000000000000e+03 1.821009069681167603e-02
7.199000000000000000e+03 2.019220963120460510e-02
7.200000000000000000e+03 1.898947730660438538e-02
7.201000000000000000e+03 1.836940087378025055e-02
7.202000000000000000e+03 1.884557306766510010e-02
7.203000000000000000e+03 1.925092004239559174e-02
7.204000000000000000e+03 1.828269660472869873e-02
7.205000000000000000e+03 1.949465088546276093e-02
7.206000000000000000e+03 1.855116523802280426e-02
7.207000000000000000e+03 1.831280998885631561e-02
7.208000000000000000e+03 1.865625753998756409e-02
7.209000000000000000e+03 1.744355075061321259e-02
7.210000000000000000e+03 1.865944825112819672e-02
7.211000000000000000e+03 1.942886039614677429e-02
7.212000000000000000e+03 1.742887310683727264e-02
7.213000000000000000e+03 1.873938366770744324e-02
7.214000000000000000e+03 1.911365799605846405e-02
7.215000000000000000e+03 1.964282430708408356e-02
7.216000000000000000e+03 1.843352429568767548e-02
7.217000000000000000e+03 1.925011724233627319e-02
7.218000000000000000e+03 1.953838765621185303e-02
7.219000000000000000e+03 1.651528105139732361e-02
7.220000000000000000e+03 1.792221888899803162e-02
7.221000000000000000e+03 2.066725119948387146e-02
7.222000000000000000e+03 1.773560047149658203e-02
7.223000000000000000e+03 1.914906688034534454e-02
7.224000000000000000e+03 1.904400251805782318e-02
7.225000000000000000e+03 1.922490261495113373e-02
7.226000000000000000e+03 1.826542429625988007e-02
7.227000000000000000e+03 1.875712163746356964e-02
7.228000000000000000e+03 1.962758414447307587e-02
7.229000000000000000e+03 1.786965504288673401e-02
7.230000000000000000e+03 1.754617877304553986e-02
7.231000000000000000e+03 1.807011477649211884e-02
7.232000000000000000e+03 1.724074780941009521e-02
7.233000000000000000e+03 1.943660341203212738e-02
7.234000000000000000e+03 1.781088300049304962e-02
7.235000000000000000e+03 1.741141267120838165e-02
7.236000000000000000e+03 1.761829480528831482e-02
7.237000000000000000e+03 1.831537298858165741e-02
7.238000000000000000e+03 1.707582175731658936e-02
7.239000000000000000e+03 1.858917251229286194e-02
7.240000000000000000e+03 1.826232112944126129e-02
7.241000000000000000e+03 1.632074639201164246e-02
7.242000000000000000e+03 2.043258212506771088e-02
7.243000000000000000e+03 1.699374243617057800e-02
7.244000000000000000e+03 1.788979582488536835e-02
7.245000000000000000e+03 1.917442120611667633e-02
7.246000000000000000e+03 1.776994951069355011e-02
7.247000000000000000e+03 1.872958429157733917e-02
7.248000000000000000e+03 1.810390315949916840e-02
7.249000000000000000e+03 1.931986026465892792e-02
7.250000000000000000e+03 1.887911930680274963e-02
7.251000000000000000e+03 1.834396272897720337e-02
7.252000000000000000e+03 1.989655382931232452e-02
7.253000000000000000e+03 1.933262310922145844e-02
7.254000000000000000e+03 1.990219578146934509e-02
7.255000000000000000e+03 1.773465611040592194e-02
7.256000000000000000e+03 1.824941113591194153e-02
7.257000000000000000e+03 1.730116270482540131e-02
7.258000000000000000e+03 1.807584427297115326e-02
7.259000000000000000e+03 1.961278356611728668e-02
7.260000000000000000e+03 1.896527223289012909e-02
7.261000000000000000e+03 1.830673031508922577e-02
7.262000000000000000e+03 1.855561695992946625e-02
7.263000000000000000e+03 1.893970370292663574e-02
7.264000000000000000e+03 1.863137260079383850e-02
7.265000000000000000e+03 1.912479475140571594e-02
7.266000000000000000e+03 1.973471231758594513e-02
7.267000000000000000e+03 1.804486289620399475e-02
7.268000000000000000e+03 1.761468127369880676e-02
7.269000000000000000e+03 1.745005883276462555e-02
7.270000000000000000e+03 1.885670796036720276e-02
7.271000000000000000e+03 1.852507330477237701e-02
7.272000000000000000e+03 1.915697008371353149e-02
7.273000000000000000e+03 1.891560479998588562e-02
7.274000000000000000e+03 1.801822334527969360e-02
7.275000000000000000e+03 1.822927221655845642e-02
7.276000000000000000e+03 1.811362057924270630e-02
7.277000000000000000e+03 1.819013059139251709e-02
7.278000000000000000e+03 1.796944439411163330e-02
7.279000000000000000e+03 1.856366358697414398e-02
7.280000000000000000e+03 1.882166042923927307e-02
7.281000000000000000e+03 1.851208321750164032e-02
7.282000000000000000e+03 1.857007294893264771e-02
7.283000000000000000e+03 1.797560229897499084e-02
7.284000000000000000e+03 1.803239434957504272e-02
7.285000000000000000e+03 1.823598518967628479e-02
7.286000000000000000e+03 1.803731545805931091e-02
7.287000000000000000e+03 2.018687129020690918e-02
7.288000000000000000e+03 1.751879602670669556e-02
7.289000000000000000e+03 1.828316040337085724e-02
7.290000000000000000e+03 1.800347492098808289e-02
7.291000000000000000e+03 1.920271106064319611e-02
7.292000000000000000e+03 1.865107379853725433e-02
7.293000000000000000e+03 1.963542960584163666e-02
7.294000000000000000e+03 1.904306747019290924e-02
7.295000000000000000e+03 1.871162280440330505e-02
7.296000000000000000e+03 1.982560381293296814e-02
7.297000000000000000e+03 1.839969307184219360e-02
7.298000000000000000e+03 1.916662976145744324e-02
7.299000000000000000e+03 1.820329017937183380e-02
7.300000000000000000e+03 1.876483857631683350e-02
7.301000000000000000e+03 1.794799044728279114e-02
7.302000000000000000e+03 1.872558519244194031e-02
7.303000000000000000e+03 1.857058517634868622e-02
7.304000000000000000e+03 2.050131745636463165e-02
7.305000000000000000e+03 1.947018876671791077e-02
7.306000000000000000e+03 1.749132573604583740e-02
7.307000000000000000e+03 1.850632578134536743e-02
7.308000000000000000e+03 1.823491416871547699e-02
7.309000000000000000e+03 1.824520528316497803e-02
7.310000000000000000e+03 1.980381831526756287e-02
7.311000000000000000e+03 1.831553317606449127e-02
7.312000000000000000e+03 1.778487302362918854e-02
7.313000000000000000e+03 1.725896447896957397e-02
7.314000000000000000e+03 1.838234812021255493e-02
7.315000000000000000e+03 1.847400888800621033e-02
7.316000000000000000e+03 1.724937558174133301e-02
7.317000000000000000e+03 1.842018589377403259e-02
7.318000000000000000e+03 1.882163435220718384e-02
7.319000000000000000e+03 1.795365847647190094e-02
7.320000000000000000e+03 1.771829463541507721e-02
7.321000000000000000e+03 1.622233167290687561e-02
7.322000000000000000e+03 2.095622383058071136e-02
7.323000000000000000e+03 1.867439970374107361e-02
7.324000000000000000e+03 1.863274537026882172e-02
7.325000000000000000e+03 1.864064298570156097e-02
7.326000000000000000e+03 1.715399697422981262e-02
7.327000000000000000e+03 1.793598569929599762e-02
7.328000000000000000e+03 1.861186139285564423e-02
7.329000000000000000e+03 1.977672427892684937e-02
7.330000000000000000e+03 1.906668953597545624e-02
7.331000000000000000e+03 1.996768452227115631e-02
7.332000000000000000e+03 1.842078194022178650e-02
7.333000000000000000e+03 1.794387027621269226e-02
7.334000000000000000e+03 1.682152226567268372e-02
7.335000000000000000e+03 2.017528377473354340e-02
7.336000000000000000e+03 1.865716837346553802e-02
7.337000000000000000e+03 1.790160685777664185e-02
7.338000000000000000e+03 1.582794077694416046e-02
7.339000000000000000e+03 1.886985823512077332e-02
7.340000000000000000e+03 1.790795847773551941e-02
7.341000000000000000e+03 1.934310048818588257e-02
7.342000000000000000e+03 1.770856417715549469e-02
7.343000000000000000e+03 1.860435307025909424e-02
7.344000000000000000e+03 1.917785778641700745e-02
7.345000000000000000e+03 1.775920949876308441e-02
7.346000000000000000e+03 1.864586398005485535e-02
7.347000000000000000e+03 1.787254214286804199e-02
7.348000000000000000e+03 1.699042133986949921e-02
7.349000000000000000e+03 1.705355942249298096e-02
7.350000000000000000e+03 1.731332205235958099e-02
7.351000000000000000e+03 2.045956999063491821e-02
7.352000000000000000e+03 1.922069676220417023e-02
7.353000000000000000e+03 2.020667120814323425e-02
7.354000000000000000e+03 1.862672530114650726e-02
7.355000000000000000e+03 1.958898082375526428e-02
7.356000000000000000e+03 1.992682740092277527e-02
7.357000000000000000e+03 1.810714974999427795e-02
7.358000000000000000e+03 1.669423840939998627e-02
7.359000000000000000e+03 1.897617802023887634e-02
7.360000000000000000e+03 1.831852085888385773e-02
7.361000000000000000e+03 1.820556260645389557e-02
7.362000000000000000e+03 1.841290295124053955e-02
7.363000000000000000e+03 1.819530315697193146e-02
7.364000000000000000e+03 1.821340247988700867e-02
7.365000000000000000e+03 1.799466647207736969e-02
7.366000000000000000e+03 1.777290739119052887e-02
7.367000000000000000e+03 1.915742643177509308e-02
7.368000000000000000e+03 1.847373135387897491e-02
7.369000000000000000e+03 1.612480357289314270e-02
7.370000000000000000e+03 1.819771341979503632e-02
7.371000000000000000e+03 1.720557361841201782e-02
7.372000000000000000e+03 1.832133345305919647e-02
7.373000000000000000e+03 1.784503459930419922e-02
7.374000000000000000e+03 1.795829087495803833e-02
7.375000000000000000e+03 1.916714385151863098e-02
7.376000000000000000e+03 1.863620057702064514e-02
7.377000000000000000e+03 1.861299574375152588e-02
7.378000000000000000e+03 1.625731587409973145e-02
7.379000000000000000e+03 1.926745288074016571e-02
7.380000000000000000e+03 1.813694462180137634e-02
7.381000000000000000e+03 1.804386079311370850e-02
7.382000000000000000e+03 1.807254366576671600e-02
7.383000000000000000e+03 1.851672306656837463e-02
7.384000000000000000e+03 1.896668225526809692e-02
7.385000000000000000e+03 1.727914623916149139e-02
7.386000000000000000e+03 1.808792911469936371e-02
7.387000000000000000e+03 1.888011582195758820e-02
7.388000000000000000e+03 1.831478066742420197e-02
7.389000000000000000e+03 1.810079067945480347e-02
7.390000000000000000e+03 1.811792887747287750e-02
7.391000000000000000e+03 1.757165603339672089e-02
7.392000000000000000e+03 1.828996837139129639e-02
7.393000000000000000e+03 2.039542421698570251e-02
7.394000000000000000e+03 1.885233819484710693e-02
7.395000000000000000e+03 1.869380660355091095e-02
7.396000000000000000e+03 1.985440589487552643e-02
7.397000000000000000e+03 1.961605437099933624e-02
7.398000000000000000e+03 1.806008629500865936e-02
7.399000000000000000e+03 1.729916967451572418e-02
7.400000000000000000e+03 1.812744699418544769e-02
7.401000000000000000e+03 1.881757564842700958e-02
7.402000000000000000e+03 1.782051846385002136e-02
7.403000000000000000e+03 1.976148039102554321e-02
7.404000000000000000e+03 1.847509853541851044e-02
7.405000000000000000e+03 1.921012997627258301e-02
7.406000000000000000e+03 1.897781156003475189e-02
7.407000000000000000e+03 1.724640466272830963e-02
7.408000000000000000e+03 1.824571006000041962e-02
7.409000000000000000e+03 1.839990913867950439e-02
7.410000000000000000e+03 1.778206601738929749e-02
7.411000000000000000e+03 1.974383741617202759e-02
7.412000000000000000e+03 1.684901304543018341e-02
7.413000000000000000e+03 1.730341464281082153e-02
7.414000000000000000e+03 1.801685243844985962e-02
7.415000000000000000e+03 1.940589770674705505e-02
7.416000000000000000e+03 2.033544518053531647e-02
7.417000000000000000e+03 1.759224198758602142e-02
7.418000000000000000e+03 1.913519017398357391e-02
7.419000000000000000e+03 1.853758655488491058e-02
7.420000000000000000e+03 1.958678662776947021e-02
7.421000000000000000e+03 1.828754879534244537e-02
7.422000000000000000e+03 1.764728873968124390e-02
7.423000000000000000e+03 1.911361888051033020e-02
7.424000000000000000e+03 1.891442015767097473e-02
7.425000000000000000e+03 1.736818999052047729e-02
7.426000000000000000e+03 1.806780882179737091e-02
7.427000000000000000e+03 2.028155699372291565e-02
7.428000000000000000e+03 1.837623491883277893e-02
7.429000000000000000e+03 2.023797854781150818e-02
7.430000000000000000e+03 1.782024465501308441e-02
7.431000000000000000e+03 1.711831428110599518e-02
7.432000000000000000e+03 1.945269294083118439e-02
7.433000000000000000e+03 1.793904229998588562e-02
7.434000000000000000e+03 1.935534738004207611e-02
7.435000000000000000e+03 1.863829605281352997e-02
7.436000000000000000e+03 1.960719935595989227e-02
7.437000000000000000e+03 1.905599422752857208e-02
7.438000000000000000e+03 1.909900270402431488e-02
7.439000000000000000e+03 1.901479437947273254e-02
7.440000000000000000e+03 1.887910626828670502e-02
7.441000000000000000e+03 1.873332262039184570e-02
7.442000000000000000e+03 1.724904403090476990e-02
7.443000000000000000e+03 2.043791487812995911e-02
7.444000000000000000e+03 1.812165975570678711e-02
7.445000000000000000e+03 1.719190180301666260e-02
7.446000000000000000e+03 1.885395124554634094e-02
7.447000000000000000e+03 1.886910758912563324e-02
7.448000000000000000e+03 1.733459159731864929e-02
7.449000000000000000e+03 1.963753812015056610e-02
7.450000000000000000e+03 1.884548179805278778e-02
7.451000000000000000e+03 1.890528015792369843e-02
7.452000000000000000e+03 1.800607331097126007e-02
7.453000000000000000e+03 1.950327493250370026e-02
7.454000000000000000e+03 2.028551883995532990e-02
7.455000000000000000e+03 1.894257590174674988e-02
7.456000000000000000e+03 1.701003871858119965e-02
7.457000000000000000e+03 1.845671981573104858e-02
7.458000000000000000e+03 1.826894097030162811e-02
7.459000000000000000e+03 1.853037439286708832e-02
7.460000000000000000e+03 1.808484457433223724e-02
7.461000000000000000e+03 1.729780063033103943e-02
7.462000000000000000e+03 2.007513865828514099e-02
7.463000000000000000e+03 1.964645646512508392e-02
7.464000000000000000e+03 1.861456036567687988e-02
7.465000000000000000e+03 1.713631860911846161e-02
7.466000000000000000e+03 1.932414621114730835e-02
7.467000000000000000e+03 2.005971409380435944e-02
7.468000000000000000e+03 1.561558991670608521e-02
7.469000000000000000e+03 1.861894316971302032e-02
7.470000000000000000e+03 1.867491193115711212e-02
7.471000000000000000e+03 1.909867301583290100e-02
7.472000000000000000e+03 1.817404292523860931e-02
7.473000000000000000e+03 1.860130950808525085e-02
7.474000000000000000e+03 1.922687143087387085e-02
7.475000000000000000e+03 1.807021163403987885e-02
7.476000000000000000e+03 1.935547403991222382e-02
7.477000000000000000e+03 1.843874156475067139e-02
7.478000000000000000e+03 1.804683357477188110e-02
7.479000000000000000e+03 1.974805817008018494e-02
7.480000000000000000e+03 1.904899068176746368e-02
7.481000000000000000e+03 1.794394850730895996e-02
7.482000000000000000e+03 1.777659729123115540e-02
7.483000000000000000e+03 1.757792569696903229e-02
7.484000000000000000e+03 1.754732057452201843e-02
7.485000000000000000e+03 1.810560002923011780e-02
7.486000000000000000e+03 1.888225600123405457e-02
7.487000000000000000e+03 1.798248477280139923e-02
7.488000000000000000e+03 1.813122816383838654e-02
7.489000000000000000e+03 1.750457286834716797e-02
7.490000000000000000e+03 1.817947439849376678e-02
7.491000000000000000e+03 1.824684813618659973e-02
7.492000000000000000e+03 1.856473460793495178e-02
7.493000000000000000e+03 1.855345629155635834e-02
7.494000000000000000e+03 1.987032033503055573e-02
7.495000000000000000e+03 1.800490543246269226e-02
7.496000000000000000e+03 1.890376582741737366e-02
7.497000000000000000e+03 1.753670535981655121e-02
7.498000000000000000e+03 1.850153319537639618e-02
7.499000000000000000e+03 1.804115995764732361e-02
7.500000000000000000e+03 1.676800288259983063e-02
7.501000000000000000e+03 1.829019375145435333e-02
7.502000000000000000e+03 1.779697649180889130e-02
7.503000000000000000e+03 2.078279480338096619e-02
7.504000000000000000e+03 1.926916651427745819e-02
7.505000000000000000e+03 1.912058331072330475e-02
7.506000000000000000e+03 1.732821017503738403e-02
7.507000000000000000e+03 1.923120021820068359e-02
7.508000000000000000e+03 1.759218052029609680e-02
7.509000000000000000e+03 1.739946566522121429e-02
7.510000000000000000e+03 1.736121438443660736e-02
7.511000000000000000e+03 1.890517212450504303e-02
7.512000000000000000e+03 1.772372052073478699e-02
7.513000000000000000e+03 2.065145783126354218e-02
7.514000000000000000e+03 1.797472685575485229e-02
7.515000000000000000e+03 1.976251788437366486e-02
7.516000000000000000e+03 1.788516715168952942e-02
7.517000000000000000e+03 1.977875269949436188e-02
7.518000000000000000e+03 1.939409226179122925e-02
7.519000000000000000e+03 1.908707804977893829e-02
7.520000000000000000e+03 1.794390939176082611e-02
7.521000000000000000e+03 1.922951266169548035e-02
7.522000000000000000e+03 1.904965192079544067e-02
7.523000000000000000e+03 1.739903539419174194e-02
7.524000000000000000e+03 1.646079495549201965e-02
7.525000000000000000e+03 1.730098575353622437e-02
7.526000000000000000e+03 1.769647374749183655e-02
7.527000000000000000e+03 1.786031387746334076e-02
7.528000000000000000e+03 2.019180171191692352e-02
7.529000000000000000e+03 1.977239362895488739e-02
7.530000000000000000e+03 1.917697675526142120e-02
7.531000000000000000e+03 1.782537437975406647e-02
7.532000000000000000e+03 1.758502423763275146e-02
7.533000000000000000e+03 1.789654232561588287e-02
7.534000000000000000e+03 1.723818667232990265e-02
7.535000000000000000e+03 1.973953843116760254e-02
7.536000000000000000e+03 1.790334470570087433e-02
7.537000000000000000e+03 1.920092850923538208e-02
7.538000000000000000e+03 1.946184784173965454e-02
7.539000000000000000e+03 1.919025368988513947e-02
7.540000000000000000e+03 1.775986887514591217e-02
7.541000000000000000e+03 2.004620060324668884e-02
7.542000000000000000e+03 1.836928352713584900e-02
7.543000000000000000e+03 1.822084002196788788e-02
7.544000000000000000e+03 1.844855025410652161e-02
7.545000000000000000e+03 1.899565942585468292e-02
7.546000000000000000e+03 1.944777928292751312e-02
7.547000000000000000e+03 1.947612501680850983e-02
7.548000000000000000e+03 1.987930573523044586e-02
7.549000000000000000e+03 1.815060153603553772e-02
7.550000000000000000e+03 1.835823245346546173e-02
7.551000000000000000e+03 1.888596639037132263e-02
7.552000000000000000e+03 1.754938066005706787e-02
7.553000000000000000e+03 2.043277956545352936e-02
7.554000000000000000e+03 1.890480145812034607e-02
7.555000000000000000e+03 1.781495660543441772e-02
7.556000000000000000e+03 1.849365793168544769e-02
7.557000000000000000e+03 1.861690916121006012e-02
7.558000000000000000e+03 1.970039494335651398e-02
7.559000000000000000e+03 2.034838497638702393e-02
7.560000000000000000e+03 1.824646070599555969e-02
7.561000000000000000e+03 1.760260015726089478e-02
7.562000000000000000e+03 1.795162633061408997e-02
7.563000000000000000e+03 1.993020623922348022e-02
7.564000000000000000e+03 1.853291131556034088e-02
7.565000000000000000e+03 1.835982501506805420e-02
7.566000000000000000e+03 1.723240502178668976e-02
7.567000000000000000e+03 1.842843741178512573e-02
7.568000000000000000e+03 1.868083514273166656e-02
7.569000000000000000e+03 1.832814328372478485e-02
7.570000000000000000e+03 2.035991474986076355e-02
7.571000000000000000e+03 1.758543029427528381e-02
7.572000000000000000e+03 1.788981631398200989e-02
7.573000000000000000e+03 1.757042482495307922e-02
7.574000000000000000e+03 1.870867796242237091e-02
7.575000000000000000e+03 1.979302614927291870e-02
7.576000000000000000e+03 1.739775948226451874e-02
7.577000000000000000e+03 1.834902726113796234e-02
7.578000000000000000e+03 1.768834330141544342e-02
7.579000000000000000e+03 1.760992035269737244e-02
7.580000000000000000e+03 1.742529682815074921e-02
7.581000000000000000e+03 1.783412694931030273e-02
7.582000000000000000e+03 1.884786970913410187e-02
7.583000000000000000e+03 1.845216378569602966e-02
7.584000000000000000e+03 1.770652271807193756e-02
7.585000000000000000e+03 1.941266655921936035e-02
7.586000000000000000e+03 1.760325580835342407e-02
7.587000000000000000e+03 1.853368058800697327e-02
7.588000000000000000e+03 1.951268501579761505e-02
7.589000000000000000e+03 1.905007660388946533e-02
7.590000000000000000e+03 1.816339604556560516e-02
7.591000000000000000e+03 1.889059320092201233e-02
7.592000000000000000e+03 1.658655330538749695e-02
7.593000000000000000e+03 1.761828549206256866e-02
7.594000000000000000e+03 1.802349649369716644e-02
7.595000000000000000e+03 1.927823759615421295e-02
7.596000000000000000e+03 1.884139142930507660e-02
7.597000000000000000e+03 1.807416975498199463e-02
7.598000000000000000e+03 2.062656357884407043e-02
7.599000000000000000e+03 1.914746128022670746e-02
7.600000000000000000e+03 1.869253441691398621e-02
7.601000000000000000e+03 1.736999116837978363e-02
7.602000000000000000e+03 1.983221992850303650e-02
7.603000000000000000e+03 1.774515584111213684e-02
7.604000000000000000e+03 1.862545311450958252e-02
7.605000000000000000e+03 1.878978125751018524e-02
7.606000000000000000e+03 1.862998120486736298e-02
7.607000000000000000e+03 1.921964809298515320e-02
7.608000000000000000e+03 1.778605952858924866e-02
7.609000000000000000e+03 1.762785203754901886e-02
7.610000000000000000e+03 1.829139888286590576e-02
7.611000000000000000e+03 1.768550090491771698e-02
7.612000000000000000e+03 1.743274927139282227e-02
7.613000000000000000e+03 1.942706108093261719e-02
7.614000000000000000e+03 1.891097053885459900e-02
7.615000000000000000e+03 1.857271045446395874e-02
7.616000000000000000e+03 1.780040562152862549e-02
7.617000000000000000e+03 1.917135342955589294e-02
7.618000000000000000e+03 1.800272241234779358e-02
7.619000000000000000e+03 1.790644228458404541e-02
7.620000000000000000e+03 1.792714558541774750e-02
7.621000000000000000e+03 1.703449152410030365e-02
7.622000000000000000e+03 1.847495138645172119e-02
7.623000000000000000e+03 2.012793347239494324e-02
7.624000000000000000e+03 1.890105195343494415e-02
7.625000000000000000e+03 2.029724977910518646e-02
7.626000000000000000e+03 1.936029829084873199e-02
7.627000000000000000e+03 1.857376098632812500e-02
7.628000000000000000e+03 1.727978885173797607e-02
7.629000000000000000e+03 1.859507709741592407e-02
7.630000000000000000e+03 1.822861097753047943e-02
7.631000000000000000e+03 1.807742193341255188e-02
7.632000000000000000e+03 1.913255266845226288e-02
7.633000000000000000e+03 1.901651732623577118e-02
7.634000000000000000e+03 1.782281138002872467e-02
7.635000000000000000e+03 1.934506930410861969e-02
7.636000000000000000e+03 1.809393055737018585e-02
7.637000000000000000e+03 1.975395716726779938e-02
7.638000000000000000e+03 1.776449009776115417e-02
7.639000000000000000e+03 1.898221671581268311e-02
7.640000000000000000e+03 1.918133348226547241e-02
7.641000000000000000e+03 2.149769291281700134e-02
7.642000000000000000e+03 1.811048947274684906e-02
7.643000000000000000e+03 1.812447980046272278e-02
7.644000000000000000e+03 1.960776001214981079e-02
7.645000000000000000e+03 1.899472251534461975e-02
7.646000000000000000e+03 1.805160753428936005e-02
7.647000000000000000e+03 1.805808581411838531e-02
7.648000000000000000e+03 1.883738115429878235e-02
7.649000000000000000e+03 1.820144802331924438e-02
7.650000000000000000e+03 1.784718781709671021e-02
7.651000000000000000e+03 1.790905185043811798e-02
7.652000000000000000e+03 1.803637109696865082e-02
7.653000000000000000e+03 1.988986320793628693e-02
7.654000000000000000e+03 1.911961100995540619e-02
7.655000000000000000e+03 1.845386810600757599e-02
7.656000000000000000e+03 1.797234453260898590e-02
7.657000000000000000e+03 1.829725317656993866e-02
7.658000000000000000e+03 1.845078356564044952e-02
7.659000000000000000e+03 1.804309152066707611e-02
7.660000000000000000e+03 1.720476709306240082e-02
7.661000000000000000e+03 1.773884333670139313e-02
7.662000000000000000e+03 1.887600310146808624e-02
7.663000000000000000e+03 1.955489069223403931e-02
7.664000000000000000e+03 1.810082048177719116e-02
7.665000000000000000e+03 1.886029355227947235e-02
7.666000000000000000e+03 1.873119547963142395e-02
7.667000000000000000e+03 1.822460256516933441e-02
7.668000000000000000e+03 1.848574541509151459e-02
7.669000000000000000e+03 1.917609199881553650e-02
7.670000000000000000e+03 1.731550134718418121e-02
7.671000000000000000e+03 1.692917384207248688e-02
7.672000000000000000e+03 1.880930550396442413e-02
7.673000000000000000e+03 1.763482764363288879e-02
7.674000000000000000e+03 1.728352904319763184e-02
7.675000000000000000e+03 1.642978191375732422e-02
7.676000000000000000e+03 1.827200874686241150e-02
7.677000000000000000e+03 1.865324005484580994e-02
7.678000000000000000e+03 1.860798709094524384e-02
7.679000000000000000e+03 1.933007873594760895e-02
7.680000000000000000e+03 1.936909183859825134e-02
7.681000000000000000e+03 1.776922307908535004e-02
7.682000000000000000e+03 1.727923192083835602e-02
7.683000000000000000e+03 1.890934444963932037e-02
7.684000000000000000e+03 1.704433932900428772e-02
7.685000000000000000e+03 1.902844756841659546e-02
7.686000000000000000e+03 1.768338121473789215e-02
7.687000000000000000e+03 1.748053357005119324e-02
7.688000000000000000e+03 1.853497140109539032e-02
7.689000000000000000e+03 1.940943114459514618e-02
7.690000000000000000e+03 1.774539053440093994e-02
7.691000000000000000e+03 1.961679197847843170e-02
7.692000000000000000e+03 1.946861669421195984e-02
7.693000000000000000e+03 1.681984774768352509e-02
7.694000000000000000e+03 1.906393654644489288e-02
7.695000000000000000e+03 1.731168664991855621e-02
7.696000000000000000e+03 2.010930143296718597e-02
7.697000000000000000e+03 1.736466586589813232e-02
7.698000000000000000e+03 1.898907497525215149e-02
7.699000000000000000e+03 1.663427613675594330e-02
7.700000000000000000e+03 1.782087236642837524e-02
7.701000000000000000e+03 1.928693987429141998e-02
7.702000000000000000e+03 1.982112042605876923e-02
7.703000000000000000e+03 1.803574524819850922e-02
7.704000000000000000e+03 2.020129002630710602e-02
7.705000000000000000e+03 1.829645782709121704e-02
7.706000000000000000e+03 1.847592927515506744e-02
7.707000000000000000e+03 1.759698987007141113e-02
7.708000000000000000e+03 1.760274544358253479e-02
7.709000000000000000e+03 1.774826087057590485e-02
7.710000000000000000e+03 1.817009411752223969e-02
7.711000000000000000e+03 1.912946812808513641e-02
7.712000000000000000e+03 1.858534850180149078e-02
7.713000000000000000e+03 1.841981709003448486e-02
7.714000000000000000e+03 1.846721768379211426e-02
7.715000000000000000e+03 1.754585281014442444e-02
7.716000000000000000e+03 1.762264035642147064e-02
7.717000000000000000e+03 1.685542799532413483e-02
7.718000000000000000e+03 1.874563097953796387e-02
7.719000000000000000e+03 1.879582740366458893e-02
7.720000000000000000e+03 1.985142379999160767e-02
7.721000000000000000e+03 1.807359792292118073e-02
7.722000000000000000e+03 1.839905790984630585e-02
7.723000000000000000e+03 1.898324489593505859e-02
7.724000000000000000e+03 1.750242710113525391e-02
7.725000000000000000e+03 1.785773225128650665e-02
7.726000000000000000e+03 1.790414750576019287e-02
7.727000000000000000e+03 1.871787756681442261e-02
7.728000000000000000e+03 1.939575932919979095e-02
7.729000000000000000e+03 1.950695365667343140e-02
7.730000000000000000e+03 1.963759586215019226e-02
7.731000000000000000e+03 1.658412814140319824e-02
7.732000000000000000e+03 1.710608974099159241e-02
7.733000000000000000e+03 1.904967054724693298e-02
7.734000000000000000e+03 1.744721084833145142e-02
7.735000000000000000e+03 1.897609606385231018e-02
7.736000000000000000e+03 1.814806647598743439e-02
7.737000000000000000e+03 1.874234154820442200e-02
7.738000000000000000e+03 1.773071475327014923e-02
7.739000000000000000e+03 1.781114749610424042e-02
7.740000000000000000e+03 1.911797747015953064e-02
7.741000000000000000e+03 1.927866786718368530e-02
7.742000000000000000e+03 1.755167543888092041e-02
7.743000000000000000e+03 1.838421821594238281e-02
7.744000000000000000e+03 1.918480545282363892e-02
7.745000000000000000e+03 1.848510839045047760e-02
7.746000000000000000e+03 1.918348670005798340e-02
7.747000000000000000e+03 1.820632815361022949e-02
7.748000000000000000e+03 1.816493831574916840e-02
7.749000000000000000e+03 1.815802976489067078e-02
7.750000000000000000e+03 1.764600723981857300e-02
7.751000000000000000e+03 1.934168860316276550e-02
7.752000000000000000e+03 1.941544376313686371e-02
7.753000000000000000e+03 1.690326444804668427e-02
7.754000000000000000e+03 1.911282353103160858e-02
7.755000000000000000e+03 1.817284151911735535e-02
7.756000000000000000e+03 2.012193389236927032e-02
7.757000000000000000e+03 1.972114481031894684e-02
7.758000000000000000e+03 1.828023791313171387e-02
7.759000000000000000e+03 1.967945322394371033e-02
7.760000000000000000e+03 1.785435527563095093e-02
7.761000000000000000e+03 1.774819940328598022e-02
7.762000000000000000e+03 1.662074588239192963e-02
7.763000000000000000e+03 1.721399463713169098e-02
7.764000000000000000e+03 1.784682460129261017e-02
7.765000000000000000e+03 1.835696958005428314e-02
7.766000000000000000e+03 1.980833522975444794e-02
7.767000000000000000e+03 1.971146650612354279e-02
7.768000000000000000e+03 1.877440884709358215e-02
7.769000000000000000e+03 1.965441554784774780e-02
7.770000000000000000e+03 1.737861521542072296e-02
7.771000000000000000e+03 1.819280721247196198e-02
7.772000000000000000e+03 1.859963126480579376e-02
7.773000000000000000e+03 1.823684200644493103e-02
7.774000000000000000e+03 1.903082244098186493e-02
7.775000000000000000e+03 1.756700500845909119e-02
7.776000000000000000e+03 1.785337366163730621e-02
7.777000000000000000e+03 1.809551939368247986e-02
7.778000000000000000e+03 2.007970772683620453e-02
7.779000000000000000e+03 1.805765926837921143e-02
7.780000000000000000e+03 1.934600062668323517e-02
7.781000000000000000e+03 1.866181939840316772e-02
7.782000000000000000e+03 1.695252954959869385e-02
7.783000000000000000e+03 1.837734133005142212e-02
7.784000000000000000e+03 1.799553632736206055e-02
7.785000000000000000e+03 1.927370391786098480e-02
7.786000000000000000e+03 1.853755116462707520e-02
7.787000000000000000e+03 1.827205717563629150e-02
7.788000000000000000e+03 1.801162585616111755e-02
7.789000000000000000e+03 1.731269992887973785e-02
7.790000000000000000e+03 1.938004046678543091e-02
7.791000000000000000e+03 1.855587400496006012e-02
7.792000000000000000e+03 1.655075326561927795e-02
7.793000000000000000e+03 1.730898581445217133e-02
7.794000000000000000e+03 1.823927275836467743e-02
7.795000000000000000e+03 1.774078048765659332e-02
7.796000000000000000e+03 1.862284168601036072e-02
7.797000000000000000e+03 1.717441529035568237e-02
7.798000000000000000e+03 1.778730191290378571e-02
7.799000000000000000e+03 1.909198239445686340e-02
7.800000000000000000e+03 1.762876659631729126e-02
7.801000000000000000e+03 1.885925605893135071e-02
7.802000000000000000e+03 1.814956404268741608e-02
7.803000000000000000e+03 1.861023902893066406e-02
7.804000000000000000e+03 1.750905625522136688e-02
7.805000000000000000e+03 1.711300015449523926e-02
7.806000000000000000e+03 1.819882355630397797e-02
7.807000000000000000e+03 1.800256967544555664e-02
7.808000000000000000e+03 1.922582089900970459e-02
7.809000000000000000e+03 1.812685281038284302e-02
7.810000000000000000e+03 1.816468127071857452e-02
7.811000000000000000e+03 2.039822936058044434e-02
7.812000000000000000e+03 1.787958107888698578e-02
7.813000000000000000e+03 1.821245439350605011e-02
7.814000000000000000e+03 1.910466887056827545e-02
7.815000000000000000e+03 1.762842945754528046e-02
7.816000000000000000e+03 1.858782768249511719e-02
7.817000000000000000e+03 1.764609664678573608e-02
7.818000000000000000e+03 1.813964918255805969e-02
7.819000000000000000e+03 1.850238069891929626e-02
7.820000000000000000e+03 1.918965205550193787e-02
7.821000000000000000e+03 1.733876578509807587e-02
7.822000000000000000e+03 1.678195968270301819e-02
7.823000000000000000e+03 1.806274428963661194e-02
7.824000000000000000e+03 1.946764811873435974e-02
7.825000000000000000e+03 1.910718157887458801e-02
7.826000000000000000e+03 1.803190074861049652e-02
7.827000000000000000e+03 1.851757243275642395e-02
7.828000000000000000e+03 1.888881623744964600e-02
7.829000000000000000e+03 1.705274358391761780e-02
7.830000000000000000e+03 1.810664124786853790e-02
7.831000000000000000e+03 1.718054898083209991e-02
7.832000000000000000e+03 1.769124157726764679e-02
7.833000000000000000e+03 1.683408394455909729e-02
7.834000000000000000e+03 1.910774037241935730e-02
7.835000000000000000e+03 1.833323016762733459e-02
7.836000000000000000e+03 1.823822036385536194e-02
7.837000000000000000e+03 1.751507073640823364e-02
7.838000000000000000e+03 1.943930983543395996e-02
7.839000000000000000e+03 1.958625391125679016e-02
7.840000000000000000e+03 1.802176423370838165e-02
7.841000000000000000e+03 1.960322074592113495e-02
7.842000000000000000e+03 1.860084384679794312e-02
7.843000000000000000e+03 1.893944479525089264e-02
7.844000000000000000e+03 1.970640569925308228e-02
7.845000000000000000e+03 1.896079629659652710e-02
7.846000000000000000e+03 1.845201849937438965e-02
7.847000000000000000e+03 1.860150136053562164e-02
7.848000000000000000e+03 1.869778521358966827e-02
7.849000000000000000e+03 1.930891536176204681e-02
7.850000000000000000e+03 1.753544993698596954e-02
7.851000000000000000e+03 1.734298653900623322e-02
7.852000000000000000e+03 1.902792043983936310e-02
7.853000000000000000e+03 1.774030737578868866e-02
7.854000000000000000e+03 1.881045475602149963e-02
7.855000000000000000e+03 1.767654158174991608e-02
7.856000000000000000e+03 1.821540296077728271e-02
7.857000000000000000e+03 1.829366013407707214e-02
7.858000000000000000e+03 1.714789681136608124e-02
7.859000000000000000e+03 1.834074594080448151e-02
7.860000000000000000e+03 1.870820298790931702e-02
7.861000000000000000e+03 1.858231797814369202e-02
7.862000000000000000e+03 1.749732345342636108e-02
7.863000000000000000e+03 1.791485212743282318e-02
7.864000000000000000e+03 1.899730414152145386e-02
7.865000000000000000e+03 1.904986985027790070e-02
7.866000000000000000e+03 1.857602782547473907e-02
7.867000000000000000e+03 1.803425140678882599e-02
7.868000000000000000e+03 1.786117628216743469e-02
7.869000000000000000e+03 1.716667227447032928e-02
7.870000000000000000e+03 1.964429765939712524e-02
7.871000000000000000e+03 1.824579574167728424e-02
7.872000000000000000e+03 1.898157782852649689e-02
7.873000000000000000e+03 1.763274893164634705e-02
7.874000000000000000e+03 1.799690909683704376e-02
7.875000000000000000e+03 1.776171289384365082e-02
7.876000000000000000e+03 1.802213490009307861e-02
7.877000000000000000e+03 1.647221483290195465e-02
7.878000000000000000e+03 1.801898144185543060e-02
7.879000000000000000e+03 1.679360680282115936e-02
7.880000000000000000e+03 1.801775582134723663e-02
7.881000000000000000e+03 1.922956109046936035e-02
7.882000000000000000e+03 1.790114864706993103e-02
7.883000000000000000e+03 1.963390968739986420e-02
7.884000000000000000e+03 1.883800700306892395e-02
7.885000000000000000e+03 1.839055307209491730e-02
7.886000000000000000e+03 1.833271235227584839e-02
7.887000000000000000e+03 1.643488928675651550e-02
7.888000000000000000e+03 1.941546797752380371e-02
7.889000000000000000e+03 1.778459362685680389e-02
7.890000000000000000e+03 1.786357164382934570e-02
7.891000000000000000e+03 1.899813115596771240e-02
7.892000000000000000e+03 1.798295974731445312e-02
7.893000000000000000e+03 1.733105257153511047e-02
7.894000000000000000e+03 1.735963113605976105e-02
7.895000000000000000e+03 1.910625025629997253e-02
7.896000000000000000e+03 2.034668438136577606e-02
7.897000000000000000e+03 1.846337877213954926e-02
7.898000000000000000e+03 1.844945177435874939e-02
7.899000000000000000e+03 1.921818032860755920e-02
7.900000000000000000e+03 1.697983592748641968e-02
7.901000000000000000e+03 1.868025213479995728e-02
7.902000000000000000e+03 1.894573308527469635e-02
7.903000000000000000e+03 1.634735986590385437e-02
7.904000000000000000e+03 1.695632934570312500e-02
7.905000000000000000e+03 1.688900962471961975e-02
7.906000000000000000e+03 1.851319335401058197e-02
7.907000000000000000e+03 1.937348209321498871e-02
7.908000000000000000e+03 1.807789877057075500e-02
7.909000000000000000e+03 1.755427941679954529e-02
7.910000000000000000e+03 1.747823320329189301e-02
7.911000000000000000e+03 1.889135688543319702e-02
7.912000000000000000e+03 1.949899457395076752e-02
7.913000000000000000e+03 1.878764107823371887e-02
7.914000000000000000e+03 1.805328018963336945e-02
7.915000000000000000e+03 1.826732046902179718e-02
7.916000000000000000e+03 1.793543435633182526e-02
7.917000000000000000e+03 1.789024844765663147e-02
7.918000000000000000e+03 1.877139508724212646e-02
7.919000000000000000e+03 1.937350258231163025e-02
7.920000000000000000e+03 1.767525821924209595e-02
7.921000000000000000e+03 1.743538677692413330e-02
7.922000000000000000e+03 1.739847660064697266e-02
7.923000000000000000e+03 1.960879005491733551e-02
7.924000000000000000e+03 1.846133731305599213e-02
7.925000000000000000e+03 1.840080134570598602e-02
7.926000000000000000e+03 1.832995377480983734e-02
7.927000000000000000e+03 1.854709908366203308e-02
7.928000000000000000e+03 1.875009573996067047e-02
7.929000000000000000e+03 2.048932202160358429e-02
7.930000000000000000e+03 1.866540685296058655e-02
7.931000000000000000e+03 1.722227409482002258e-02
7.932000000000000000e+03 1.868127845227718353e-02
7.933000000000000000e+03 1.837060414254665375e-02
7.934000000000000000e+03 1.773802563548088074e-02
7.935000000000000000e+03 1.694235764443874359e-02
7.936000000000000000e+03 1.798410341143608093e-02
7.937000000000000000e+03 1.687893271446228027e-02
7.938000000000000000e+03 1.888802833855152130e-02
7.939000000000000000e+03 1.912618987262248993e-02
7.940000000000000000e+03 2.036584168672561646e-02
7.941000000000000000e+03 1.807711273431777954e-02
7.942000000000000000e+03 1.925895921885967255e-02
7.943000000000000000e+03 1.741998456418514252e-02
7.944000000000000000e+03 1.927127502858638763e-02
7.945000000000000000e+03 1.764274574816226959e-02
7.946000000000000000e+03 1.846391335129737854e-02
7.947000000000000000e+03 1.773457787930965424e-02
7.948000000000000000e+03 1.904249936342239380e-02
7.949000000000000000e+03 1.892907172441482544e-02
7.950000000000000000e+03 1.926220953464508057e-02
7.951000000000000000e+03 1.698226667940616608e-02
7.952000000000000000e+03 1.917300373315811157e-02
7.953000000000000000e+03 1.893918402493000031e-02
7.954000000000000000e+03 1.827245950698852539e-02
7.955000000000000000e+03 1.871092244982719421e-02
7.956000000000000000e+03 1.905787177383899689e-02
7.957000000000000000e+03 1.788161881268024445e-02
7.958000000000000000e+03 1.765605807304382324e-02
7.959000000000000000e+03 1.790111139416694641e-02
